%YAML:1.0
homography: !!opencv-matrix
   rows: 3
   cols: 3
   dt: d
   data: [ 5.6879528175381235e+00, 5.7599522202918356e-02,
       -2.4137079779132696e+02, 6.1560110566641416e-02,
       1.9268314607358739e+00, -8.5439277455441513e+01,
       -1.4420792902366758e-04, -6.6216286158562716e-04, 1. ]
