%YAML:1.0
homography: !!opencv-matrix
   rows: 3
   cols: 3
   dt: d
   data: [ 4.0280528914611065e+00, 8.5475923426230505e-02,
       -2.4878835962247229e+02, -2.4146799501181943e-02,
       1.8110099625886316e+00, -6.3723403883618587e+01,
       -1.4239404427235995e-04, -1.0634353301938103e-04, 1. ]
